1.235184303888151813e+00 -1.184505283303233014e+00 1.545155564540399984e-01
1.040270752132223642e+00 1.439377357004412827e+00 1.750406362068410271e+00
1.084724576184145528e+00 1.017061747241738479e+00 7.716759986130751203e-01
1.037587454767398665e+00 4.142047216357116923e+00 1.504531839223175016e+00
1.062882195216636738e+00 -1.205744290183059952e+00 4.558958210891712048e-01
1.227895970339898390e+00 2.665178764988572202e-01 -7.928882093418417043e-02
1.078760204119511901e+00 -3.013059437478078986e-02 4.352842788059867463e-01
8.598542443280022818e-01 -1.452894084011551623e+00 8.845407094802172632e-02
1.038478174860090419e+00 9.708826144637235922e-01 1.142576673285276678e+00
1.001266681255924995e+00 -7.439156170626408660e-01 -1.682512826026441588e-01
7.611287770868542246e-01 -1.609474951391520081e+00 -1.253777071603492388e+00
1.068778189763450737e+00 -8.671944118549402836e-01 -7.942692688979943183e-01
9.838973388783226470e-01 -9.933165886653610999e-01 1.509837307552594488e-01
1.039197051994035448e+00 -5.868206656691771217e-02 1.480139990292475005e+00
1.058425280753608977e+00 -1.053144218844782598e+00 9.963613865104220535e-01
1.060428084606302335e+00 1.532464039447797077e+00 1.138334745850733798e+00
8.945242898610256121e-01 -1.408515046552426320e+00 -4.161264494461863750e-01
1.071143730768087110e+00 -8.849417168835495007e-01 -4.826090562072261614e-01
1.131718368500133520e+00 1.442604780305194456e+00 1.203234147112534291e+00
1.018728746069202495e+00 -1.019238131677788761e+00 -1.253997032861297933e+00
1.216999065154408033e+00 1.548648904229136258e+00 -2.358675429744100660e-01
1.166348946676626808e+00 3.271652839033665772e-01 -3.175023854477997953e-01
1.079182216276933337e+00 1.311813656957709462e+00 8.469678712067520987e-01
1.389589355631103418e+00 1.210356230163700753e+00 3.761634783060812531e-02
1.073245210655261905e+00 6.208900991416830273e-01 7.808625283087788915e-01
1.035637608096565021e+00 2.197538708123262019e+00 1.329205447671597762e+00
1.056667270603666386e+00 -6.612518641874611802e-01 1.170218547446766566e+00
1.043354751928087021e+00 1.280760990400844568e+00 -8.760505196456730426e-01
1.037757965628941070e+00 -2.899663250407768178e+00 5.820154035463256381e-01
2.516773707872950627e+00 9.750049653120297366e-01 1.399524079683753586e+00
1.110852689993810261e+00 -1.369894370559555874e+00 2.731877280595584531e-02
1.049724997779468927e+00 1.465409541069187194e+00 1.727741956892366204e+00
1.053274113484695240e+00 -6.695314076218508159e-01 1.420940189181822744e+00
9.088699469309305945e-01 7.559121608340739762e-01 8.693169013478995177e-01
1.053108337281399187e+00 1.115341161487284571e+00 -6.281465563972334909e-01
1.060925865276971969e+00 1.566162540489097532e+00 -1.009452699751449467e+00
1.047990021775085712e+00 9.442930976843835200e-01 2.483376915960949560e+00
1.055316051746158612e+00 1.537951109818829210e+00 1.413562140577813708e-01
1.091506563748097403e+00 -6.366223653174938324e-01 2.307664006780830307e-02
1.053004301114374819e+00 1.208469749822371986e+00 2.881524908506099547e-01
1.055939199902001135e+00 -9.264054810064212830e-01 1.694958975372425680e+00
1.045812491564949376e+00 -1.143269671321419434e+00 2.503313635932020997e-02
7.828661539734748098e-01 1.930308958692408483e+00 -6.209140072349926820e-01
1.029457273035616405e+00 6.977328670020706003e-01 -1.192567707122631493e+00
9.420428725659011349e-01 8.357142093798326510e-01 -2.245526547257716832e-01
2.025081791843586387e+00 -4.144015505505747043e-01 4.257067376552781668e-01
1.062218672138214526e+00 1.034867444615961807e+00 -1.081596731231628583e+00
1.091246312610121283e+00 3.760025354887978066e-01 2.108341175814007151e+00
1.153084169656212410e+00 1.539594900703618929e+00 1.335606791180107278e+00
8.239511166376458640e-01 -1.906798215183314271e+00 -2.256155336347112628e-01
1.029020484551464554e+00 1.885004146743465503e+00 1.532679987404808264e+00
1.144859568832138352e+00 1.213030864743397164e+00 -3.102265967375138489e-01
1.049683196272628738e+00 -6.379870720598552758e-01 1.058848266980424446e+00
1.053312724154311208e+00 4.859940115692428786e-01 -2.605059842297715367e+00
8.346116079863519222e-01 1.107029597226442563e+00 3.199701936289817139e-01
8.483772113321548236e-01 -6.979052217715775441e-01 -7.189095744385266551e-01
1.186498148244771178e+00 3.390283204861537780e-01 8.153768354631756310e-01
1.003746012743141014e+00 -7.475076525387770454e-01 -1.796072024300169323e-01
1.040144753027693270e+00 -8.144448207489114466e-01 -3.433452305984698305e-01
3.420532134794529444e-01 6.129739843678161382e-01 -1.040003715711149690e+00
1.092598314497173373e+00 1.280164738924334022e+00 -1.143303175519270631e+00
1.144997286881219267e+00 9.293462567510670791e-01 2.274469981118378559e-01
6.810228027281053365e-01 7.028340537808382971e-01 -1.244502151926676792e+00
1.028449733574791747e+00 1.973860988961767760e+00 1.510505483705953722e+00
1.015046725319152632e+00 -1.059222098516956923e+00 -1.325667289483973166e+00
1.190460623935311935e+00 7.209289571805156671e-02 1.061875171102542037e+00
1.041025884675665703e+00 1.627629427461259048e+00 1.582675787867000805e+00
1.062820386570984876e+00 -1.040092381886004613e+00 1.665112060887540268e+00
1.082501041437471390e+00 -4.329061207457980953e-01 -4.005320078020245256e-01
1.539468682537689537e+00 -4.151536280738442608e-01 4.256958867076818254e-01
1.119609498104505274e+00 1.990670347982036459e+00 1.132072122082679932e+00
1.061527991782120761e+00 1.052528389116677898e+00 -3.530134207460123852e-01
1.047667735339494088e+00 1.140046989114292586e+00 3.368455535049716398e-01
4.030141159396162243e-01 1.830607909305854042e+00 -1.059316893062949294e+00
1.036864837275222939e+00 1.320851240908548441e+00 1.122610982053408479e+00
1.041629194277207127e+00 1.337117136008597607e+00 1.500767738928855621e+00
9.380161042707513275e-01 1.551088910578557245e+00 8.399266418847292082e-01
1.110253094595857970e+00 5.266341643591971877e-01 -1.548764272576786671e-01
1.079345970674841393e+00 6.895303990228228430e-02 -9.792375108712315646e-01
1.410131282776122985e+00 5.964432928701091541e+00 1.500344629428625176e-01
