1.233546035044906786e+00 -1.307117291281250537e+00 8.810737002486068725e-02
1.062565198193145211e+00 1.390136848778345646e+00 1.870008817583415528e+00
1.073901670672049224e+00 1.046887658250683417e+00 8.690290574659523815e-01
1.032010911872809356e+00 4.128755745130106014e+00 1.340763981615327616e+00
1.056696713174123614e+00 -1.321930341186302593e+00 3.697367090099559217e-01
1.227875056741632553e+00 2.665184762843010313e-01 -7.928725864639193932e-02
1.060928480171536181e+00 -6.882858764687034558e-02 4.935604848384248511e-01
8.365471137432270998e-01 -1.312359053934228026e+00 3.989757294967643531e-01
1.023773758834323866e+00 1.092874198456899260e+00 1.153683305227981126e+00
1.104030191308483788e+00 -7.122687377080447746e-01 -8.871761568968573874e-02
7.849577723965315279e-01 -1.438031995147363240e+00 -1.086344294639940200e+00
1.061166753209904945e+00 -8.813181363649676969e-01 -7.683371059014586502e-01
9.839194511776219176e-01 -9.819550449370313405e-01 1.336119501298312084e-01
1.032685469214960738e+00 2.228410956495133766e-01 1.326271031445287463e+00
1.047668856361389844e+00 -9.565983977006715655e-01 9.470188535876498115e-01
1.064131723680228570e+00 1.628952800717400562e+00 8.445721273661710438e-01
1.326304703094374426e+00 -1.254875683872030745e+00 4.371265632315649019e-01
1.165145069811390766e+00 -7.326141238368574227e-01 -7.764705758922890722e-02
1.131866381989092174e+00 1.442600413567923345e+00 1.203233169620769205e+00
1.041011431584161651e+00 -9.893316969700379770e-01 -1.277724505231180530e+00
1.219352108524173417e+00 1.548650582592345781e+00 -2.358661500179095316e-01
1.111700411709076519e+00 3.427934678781415223e-01 -3.025151881999533776e-01
1.076338568003757601e+00 1.388241957405235816e+00 1.002214413233482482e+00
1.818760398853980664e+00 1.204415650604529375e+00 8.942922537155562068e-02
1.082947587906733622e+00 6.191529034921818830e-01 7.789142471952922309e-01
1.028745133447585669e+00 2.248825331725785137e+00 1.075770919171297635e+00
1.078725578640141292e+00 -9.194617981000030582e-01 1.144822349454402088e+00
1.031330809044622265e+00 1.468914994482339864e+00 -9.553875017453681284e-01
1.022994840463754773e+00 -2.954957095368117237e+00 5.409199140655510663e-01
2.343359721061530010e+00 1.515493672441550643e+00 1.965446215455631140e+00
1.120725179016339945e+00 -1.355186651050194646e+00 9.127853005097739947e-02
1.071832528346963853e+00 1.456022834427494361e+00 1.775467992716465160e+00
1.038408671525254734e+00 -8.074325392536149115e-01 1.237417700516141084e+00
8.878400213837055466e-01 7.872997159634175235e-01 7.974407026630283557e-01
1.042024789066230639e+00 1.260989353001879421e+00 -4.188935178311746776e-01
1.065322899749430396e+00 1.456425631176197610e+00 -7.979283497102030998e-01
1.031993796850469325e+00 1.142341199976617538e+00 2.561595154162092491e+00
1.043434010564973979e+00 1.602466637912072667e+00 3.502479213260422108e-01
1.115498784394720611e+00 -7.393781852445482361e-01 3.186350233413026006e-02
1.039892847453638858e+00 1.206064531114103167e+00 4.912503122019061252e-01
1.046634537526908160e+00 -7.002611329999915979e-01 1.553308720991306346e+00
1.072525298096381530e+00 -9.882096829593820519e-01 -4.542584650655200063e-02
7.609479200342180727e-01 1.618148983770913985e+00 -9.202089881165752550e-01
6.974870249430236147e-01 1.052038428102227696e+00 -1.430534448481685095e+00
8.517524059547458837e-01 6.255910775235115073e-01 5.689048569065249111e-02
1.997256595295298309e+00 -5.751993816263644144e-01 4.373414456704903808e-01
1.050562700203113042e+00 1.055246287480945178e+00 -8.308534649484593526e-01
1.079738146116204556e+00 4.683797014037014428e-01 2.249544213521811997e+00
1.134351993870567066e+00 1.365131341214239846e+00 1.192587642892386279e+00
8.310396353666419378e-01 -1.535197273917365157e+00 -1.950328889341787220e-01
1.050576819719612809e+00 1.968686881601173777e+00 1.143414221375931739e+00
1.085373897732526682e+00 5.859566796087265494e-01 -2.334943264186744860e-01
1.073604292486025624e+00 -9.141795417150477832e-01 9.930565569701612638e-01
1.046633292634488788e+00 5.330021979081265293e-01 -2.671423120193006540e+00
5.807200178092731813e-01 1.174427428103840265e+00 1.184567681538108541e+00
7.825438538476342520e-01 -7.075886435129813412e-01 -8.567866881500256770e-01
1.116136912060490927e+00 4.677074913769074249e-01 8.461227346175076436e-01
1.106388888487483513e+00 -7.129783443037559509e-01 -8.842436200405633107e-02
1.156679696154305770e+00 -7.296328524197144283e-01 -7.966286946489577192e-02
3.181525912839333059e-01 4.897183607600367750e-01 -6.802185410657413112e-01
1.106631780229862416e+00 1.069596810676174403e+00 -1.129566328945211584e+00
1.096632819169655049e+00 9.611199783123510754e-01 8.048150996674384439e-02
6.945697135182238302e-01 1.075411991806881185e+00 -1.495786006431634840e+00
1.046796686955097533e+00 1.679294435938420094e+00 1.683107506204604364e+00
1.038816339803985578e+00 -9.876410696939300626e-01 -1.207418253714392264e+00
1.135715044287838760e+00 4.566558965407550852e-02 1.017982890001461582e+00
1.030636527759223098e+00 1.976105165802826136e+00 1.200380687462738960e+00
1.058847093851550625e+00 -1.119598863695340230e+00 1.545504688278693362e+00
1.061975044152799752e+00 -3.821468168803475729e-01 -4.054771230382168690e-01
1.580344946738518663e+00 -5.774096262427095283e-01 4.366156114593477966e-01
1.132664012186921587e+00 2.008922321475199002e+00 1.089280607446830640e+00
1.061152645271726369e+00 1.102113767035053371e+00 -9.627996411785311182e-02
1.035787695439994938e+00 1.146836578857873379e+00 5.408121786289558086e-01
6.671896958839148573e-01 1.167266247986896266e+00 -9.263808213540435377e-01
1.022565904725576402e+00 1.223677681780194648e+00 1.136136611811845887e+00
1.031043769859035564e+00 1.474032197253710930e+00 1.664588645122651700e+00
5.665224783330262692e-01 1.574664605361489000e+00 1.376787460729108181e+00
1.056337463893397111e+00 4.749217326147750495e-01 -1.299318488989192610e-01
1.094043286103526080e+00 4.516415283768711320e-02 -7.818864431698491213e-01
8.517881353290041035e-01 6.007033374676438164e+00 -6.918284950742491501e-01
