-5.295427923998297093e-01 1.046669865825261558e+00 2.260442319698498181e+00
3.166967283539300126e+00 -5.852226069478821957e-01 2.651263049555799625e-02
3.275556112158771516e+00 8.463885476539820818e-01 -3.468433243604694405e-01
3.660777078519426464e+00 -2.930474889242089098e+00 -1.562271891717980088e-01
3.229734364292505155e+00 -4.968733846773107365e-02 -7.816485423643511343e-02
3.020359811158320085e+00 2.335657114231415310e+00 1.298588924709250136e+00
3.435502142355697508e+00 5.377359967617980629e-01 -9.893060815087530990e-01
-9.769661057123681935e-01 -6.856477171974478813e-01 -3.699707850544021182e-01
4.312104609142682676e+00 -2.870037657923993346e-01 1.713025942681212568e-02
2.114969913046342853e+00 -7.183107413283967846e-02 2.674573715000462815e-01
2.139445387711150226e-02 -6.950458725795821691e-01 -3.100098509763943855e-01
3.023325161609164535e+00 3.117257052854552901e-01 -4.215958460164164756e-01
-1.225312991322130785e+00 7.468141791057313350e-01 2.934997125686404029e+00
3.638097003983039368e+00 -1.010854837169055942e-01 -9.639918426059762568e-02
3.501229344122400278e+00 9.262305466681526600e-02 1.721845659578442600e-01
3.332129850952422867e+00 -3.344600356294415988e-01 -6.556047656837381277e-02
-1.955825390326198399e+00 -4.798474991714726245e-01 -9.721815362599551813e-01
1.714790508077945530e+00 -2.268486552238740961e-01 2.478780778693929349e-02
3.476429842353739641e+00 8.552677860437267743e-01 1.221883533759789003e-01
3.261313488973713426e+00 2.175863182873810919e-01 -5.713666024056043291e-01
2.834556159640678530e+00 -1.958668118231872979e-01 -1.211804737003518317e+00
2.879062007963497205e+00 1.372054117271609863e+00 1.069042601802064008e+00
2.994955540801495175e+00 -7.438293268939550895e-01 -6.646281103035786043e-03
1.705592199495219674e+00 1.453661736544391292e-01 -9.389744411027848292e-01
3.803357292526115874e+00 2.948979257089235251e+00 3.496806794874739666e+00
4.067314728339132657e+00 -4.377369819264767536e-01 -1.648540459010749692e-01
2.919175503180714060e+00 -3.059885020862769811e-01 -1.124523155402783248e+00
3.797217987086136226e+00 8.039268291099270491e-02 -1.691364887766737102e+00
4.062146033988421223e+00 -2.336428801172052983e-01 7.007824656446831613e-01
3.251515135289549663e-02 1.906581847863905721e-02 8.703854380428716064e-01
3.136011356748018564e+00 2.302413386620589808e-01 3.571793220953754400e+00
3.128003255971252727e+00 -5.849507669723603698e-01 4.717083921852282397e-02
3.862228917135396955e+00 3.855723284443330900e-01 9.581811868252299025e-02
4.257050786186390212e+00 3.858429017728938426e+00 2.171167719799978801e+00
3.905700794932470910e+00 2.987129657581830688e-01 1.529864272224241983e-01
3.202645555502176222e+00 -4.073564113531849551e-01 2.214375731983285814e-02
3.976788485741682866e+00 2.126547794687897175e-01 -8.426326160610092542e-01
3.458712738900445949e+00 6.518167328958718310e-01 -5.954635619339833097e-01
3.141199727371185801e+00 1.054044606592271283e+00 3.405413481217525629e+00
3.472791697045136239e+00 2.936076408884647493e-01 5.098893642685251720e-02
3.513519442822509387e+00 1.285597575728257558e-01 4.347394369516379142e-01
3.346163987650967897e+00 8.018725846296241855e-01 3.589287037171728922e+00
-4.336418667254550718e-01 -1.086350358842283592e+00 -4.979803558192284485e-01
-1.438386979379599806e+00 -6.840063967068964190e-02 3.016522025214809499e-01
1.314262000449434975e+00 -6.015112880987922850e-01 -2.081719875539670694e-01
-7.811455486740312981e-01 1.724092812242844719e+00 2.849374650883519600e+00
3.410856239050198191e+00 2.264994931307674486e-01 -1.011903402980582012e+00
2.944639422154238684e+00 -3.063997535113353043e-01 4.267367910082273674e-01
2.559914049038474193e+00 -1.212183471872310792e+00 -2.508222485785737699e-01
-2.593736250079067274e-01 -5.093823530784730158e-01 6.075714801087269551e-02
3.389737850583200540e+00 -5.781199432252592807e-01 2.908120806564648553e-01
2.091488299904765480e+00 1.248707072937727536e-01 -1.000806928199996282e+00
2.945318439710738811e+00 -2.949468891854818975e-01 -1.230886850533706056e+00
3.201166318305095349e+00 4.302866841984029356e-01 -9.120147785760012171e-01
-6.937133559733277277e-01 -1.977129982036851530e+00 -3.311349559733510750e-01
-3.591271964085309687e-01 -1.722513756437878740e+00 -3.015660827776325825e-01
2.920455392218716195e+00 1.678452614999281778e+00 6.428481464582260774e-01
2.095194358157334236e+00 -7.711659106785699602e-02 2.563439623019607705e-01
1.860599016877084066e+00 -1.571682787577364515e-01 1.182846633287968907e-01
1.076624121146278368e+00 2.040178545974362032e-02 5.246817430048625885e-01
2.847289859297101877e+00 -1.207824861395673022e+00 -1.291389970097558126e-01
2.981074447107388892e+00 1.376191536502184398e+00 8.711563642026169951e-01
-1.608089783406890128e+00 -1.127686925961667863e-01 2.581836483663724202e-01
3.395336921791728191e+00 -5.987774542177175530e-01 3.173659145026689332e-01
3.284680748555303786e+00 1.915442357852311650e-01 -5.692217720420907900e-01
2.718434175545356268e+00 8.030518979229108734e-01 1.150035140560853764e+00
4.221649968091639060e+00 3.316143314700544242e-01 -2.948133109367443994e-01
3.223860601308602192e+00 -5.575068585742805061e-01 -1.532734099004798463e-02
3.392297725415817311e+00 6.626738718471474332e-01 6.500540180053634431e-01
-4.954361671981449833e-01 1.723379599807084217e+00 2.849025638149286888e+00
2.899263815424570012e+00 5.218402753277286144e-02 8.049525442590569346e-01
3.719697425821196557e+00 6.262934029165471150e-01 3.311719503354496053e-01
3.511057646197225601e+00 4.339882716513288607e-01 1.138825424013319015e-01
-1.194264629232865582e+00 -6.490648744988997132e-01 -4.484308606614874626e-01
4.344684493782176027e+00 -5.971277996543442601e-01 3.143867674990275668e-02
3.813902853705815055e+00 -5.469847508496732819e-02 -5.832972877314578364e-01
-1.697885618165142940e+00 -5.492542543550653633e-01 -7.097560135290945649e-01
3.266473543688043879e+00 1.541375473914823102e+00 1.505850787493520526e+00
3.028917288499019644e+00 6.720890494892076128e-02 -2.365155971898845466e-01
-1.413375828778628884e+00 -8.173609334401814586e-01 -2.176546054627314930e-01
