-5.332337703092088210e-01 1.226857075158245935e+00 2.184123936141781019e+00
3.187297203005219348e+00 -7.425483130908131502e-01 8.470994497719881722e-02
3.443928360767814834e+00 1.047887159607368224e+00 -3.665621745391753339e-01
3.767072300138594176e+00 -3.010285488404915277e+00 -5.371174082168725383e-02
3.402180658580048700e+00 -2.082486248792110584e-02 4.802402314952289308e-02
3.020355023220706148e+00 2.335657353481069620e+00 1.298588235211861619e+00
3.620887014529571069e+00 4.656425790552436994e-01 -9.393784708126693417e-01
-2.004378570388315239e+00 -5.144884912804630339e-01 -5.546640026614091390e-01
4.554814347606979119e+00 -6.030917371973706365e-01 3.138592455903538997e-02
1.481815150874713494e+00 1.108985386724976874e-01 -5.549438133497657660e-02
-1.479144223975616512e+00 -9.217379706726785971e-01 -3.976093846294007639e-01
3.347840293721975335e+00 3.097101283756197310e-01 -5.395304619332402796e-01
-1.225408573205378771e+00 7.217423508206726179e-01 2.999074399188177864e+00
3.748491637932538367e+00 9.796337326350549463e-03 -4.268463998691523348e-02
3.644653349666553410e+00 5.215994665107369366e-02 2.343703007511733216e-01
3.380779865843772658e+00 -5.055218326003865226e-01 1.627715363955596073e-01
-2.594920161955341698e+00 -4.461621066204926600e-01 -6.485800755766144565e-01
1.285432249257852932e+00 8.909145396660660132e-02 -1.311459938594104480e-01
3.476449162195609510e+00 8.552635971416505667e-01 1.221870012709516673e-01
3.287933550625309120e+00 1.319741097251624917e-01 -7.025908748733930009e-01
2.835084417894714548e+00 -1.958820972819738104e-01 -1.211805236074398273e+00
3.196278257544578949e+00 9.193175165653925118e-01 1.011651405610752397e+00
3.153982059824084860e+00 -5.229155777428805552e-01 1.279894646832479832e-01
1.671822555226981422e+00 -4.513134886199064028e-02 -8.723444341337676100e-01
3.804340499637990813e+00 2.949086798339617843e+00 3.496936501820942400e+00
4.138743842903163106e+00 -5.941888252630220801e-01 1.327901031989351388e-01
2.998831153035578456e+00 -5.775464075532662500e-01 -1.319450669297386414e+00
3.951654502906067457e+00 -1.249771954515044026e-01 -1.625911201846983456e+00
4.267965264606177200e+00 -2.736512190927891108e-01 8.412341745435957252e-01
-3.035943890108112608e-01 -1.347646008619350355e-01 4.849694514017928171e-01
3.150516517032675434e+00 1.816998876582414379e-01 3.613811163853286601e+00
3.154274419854217637e+00 -7.226793520754930533e-01 1.797475660850561818e-01
4.049249707898121997e+00 2.658119306012073912e-01 3.947650796158753139e-01
4.289527475574791637e+00 3.835689550321404795e+00 2.183360889566643426e+00
4.044299115618735563e+00 1.131410970829114515e-01 4.860225022224086699e-01
3.294000111798304875e+00 -6.410600070671094997e-02 2.875952057984849097e-01
4.166539024945333125e+00 8.574730455811976904e-02 -6.840467407877699468e-01
3.624146145304407263e+00 5.645375463955447648e-01 -6.545959102852419997e-01
2.951188905292077003e+00 1.113583290209757326e+00 3.269536671277335937e+00
3.648101458564274147e+00 2.820276888443883356e-01 -1.535275326409841212e-01
3.644485697241610200e+00 1.636217588422848868e-01 4.848436976598398673e-01
3.377358546566701758e+00 4.561220731486890778e-01 3.577431735500002929e+00
-1.247376896886461362e+00 -9.442230745390616242e-01 -4.499073404307160073e-01
-1.381998535640644565e+00 -3.811476591790421420e-01 1.839962991652036722e-02
4.225594881306782985e-02 -3.060137831299896138e-01 -2.025715781998681797e-01
-8.064818983646965256e-01 1.852271317305763443e+00 2.773010862981998947e+00
3.572904614192462081e+00 2.773905943260968621e-01 -1.184549233844718108e+00
3.112354140667062730e+00 -3.178573864419865780e-01 4.469692609181452614e-01
2.834751122955679214e+00 -1.116607011658634185e+00 -8.433568140810304703e-02
-3.466859302323985204e-01 -4.663074020941369580e-01 3.082102684436762580e-02
3.588740940630958942e+00 -3.808294452337191438e-01 3.213669584242683785e-01
1.720144637637275542e+00 2.037119466928726808e-01 -1.088111625636307034e+00
3.014166743114081282e+00 -5.802642144678293867e-01 -1.441309122308717772e+00
3.382775226093121645e+00 6.246995106729467118e-01 -4.719627190300945130e-01
-2.218489144098206634e+00 -2.243785273713446493e+00 -5.131642798455244847e-01
-1.146899072599315783e+00 -1.968342808692691071e+00 -4.421611241265889225e-01
3.303490951301860434e+00 1.755377508140210319e+00 9.596282251991845591e-01
1.473479526695037567e+00 1.101064559809011439e-01 -5.828812379571290947e-02
1.310443962691903996e+00 9.219975631007570893e-02 -1.204384707178390024e-01
7.230489633223571300e-01 -2.194331412809652215e-01 7.516102440556092779e-01
2.951975070647002930e+00 -8.033866166074855597e-01 -2.938359263839614502e-02
3.293229192355905610e+00 1.127007451580058994e+00 1.061505677854575724e+00
-1.461980100036083030e+00 -4.235776287003464313e-01 -1.527642724172872252e-02
3.529582319451028738e+00 -6.175321216159567195e-01 -2.381393082290542314e-03
3.295975541344821735e+00 1.312192571210355208e-01 -6.415690506801871029e-01
3.042119753955933259e+00 6.452572003385691479e-01 1.137050094306130577e+00
4.359109065761294310e+00 1.767038368850877006e-01 6.216981366940275283e-02
3.372356598379610659e+00 -4.405012188218391245e-01 8.961517948432251579e-03
3.635062934388582079e+00 6.721740247183491945e-01 7.658479024022694093e-01
-4.820533148613269092e-01 1.839585350845297729e+00 2.785913739344568096e+00
2.952395773060569883e+00 3.199440495211792589e-03 7.773177205907132459e-01
3.717895453416597551e+00 7.466465361803886758e-01 7.204915079027647273e-01
3.681008568623542310e+00 3.983510025593955395e-01 -3.208415539723459553e-03
-2.066822432999000814e+00 -9.189552886108616203e-01 -2.834668892644741089e-01
4.585427133329016414e+00 -8.994394999566623916e-01 4.320378896433710314e-02
3.953221746927936930e+00 -1.703730102801948587e-01 -8.588642218187787503e-01
-2.505170046834088282e+00 -7.787261757900417747e-01 -4.825902357833581902e-01
3.842945447150436955e+00 9.151420783446939655e-01 1.823480025672654881e+00
3.103095220068583071e+00 -6.470440104313042624e-03 -6.947003672511002648e-02
-1.355604205900320380e+00 -8.466349626990493649e-01 -5.210660554377554154e-01
