1.287039032616466017e+00 -1.366455734946209200e+00 1.788768506878355147e-01
1.071275349049549908e+00 1.449250618526193968e+00 1.726735568526166498e+00
1.055639143535527014e+00 1.136699556638270270e+00 1.071745703397756433e+00
1.021612131331607110e+00 4.134591409092712944e+00 1.364004044541067939e+00
1.036086872327781405e+00 -1.359285105322308729e+00 1.273948525560116174e+00
1.227840563772686355e+00 2.665238723943068599e-01 -7.928708962875466448e-02
1.050713130610446466e+00 4.403487304836118527e-02 5.484601252969260043e-01
8.572564486983969001e-01 -1.650313976984215669e+00 2.338976872923666517e-01
1.019710363080907678e+00 1.125708105610896848e+00 1.224304172805983359e+00
1.125276345754334439e+00 -5.760278037544621643e-01 -4.848733833453315323e-01
9.560958223402000744e-01 -1.606070693792135406e+00 -1.244404579763039198e+00
1.059180527481557332e+00 -6.738007758742764475e-01 -9.574763705957382021e-01
9.844751332326036053e-01 -9.494339513457289437e-01 1.283723469545342555e-01
1.023976203709756172e+00 3.000433803639120378e-01 1.366196428185937783e+00
1.030132772444787292e+00 -8.933606928493277310e-01 1.258235796221580660e+00
1.026432226861726749e+00 1.390422251796434638e+00 3.904780983445326203e-01
9.167301851647889910e-01 -1.602224863425514512e+00 1.627696903396556871e-01
1.162676060082175056e+00 -9.264063343602683132e-01 -6.506069683421736860e-01
1.131776969188637461e+00 1.442603294608959086e+00 1.203234434494755645e+00
1.135817202892285049e+00 -1.036111768915169096e+00 -1.258264865537100707e+00
1.232394146262314694e+00 1.548457141431744288e+00 -2.358386626083295301e-01
1.161594957764435998e+00 4.323103546345985482e-01 -2.108162532966193770e-01
1.058041320753641878e+00 9.032903973495354233e-01 4.148175345450649809e-01
1.673561026855684197e+00 1.337372565620724929e+00 1.336007994314207525e-01
1.041035555416982339e+00 5.623266794577010952e-01 6.570843588442172312e-01
1.020378215032065494e+00 1.741718181932868204e+00 1.298611838763606086e+00
1.052135936795548288e+00 -1.061942127743553677e+00 1.291833969541829719e+00
1.023850283341168010e+00 1.157434144178282720e+00 -1.102765978789681967e+00
1.011696259668147579e+00 -3.099363083523336559e+00 6.549982491039523236e-01
2.499593992668539322e+00 1.533343904601495389e+00 1.698894014188399471e+00
1.077934162193907364e+00 -1.134376670098536710e+00 1.929435878071044871e-02
1.038439222656282412e+00 1.654119949646713383e+00 1.407501548199936003e+00
1.030522860047715650e+00 -4.806569183677028012e-01 1.431274942031255826e+00
9.618681316667737624e-01 8.087478849488384247e-01 9.849099781283893185e-01
1.027312705224457057e+00 9.344513665015483639e-01 -6.903630726953272623e-01
1.042117230622435331e+00 1.734518456795942853e+00 -9.951307901103942921e-01
1.024508301630329354e+00 8.034301093237603553e-01 2.337883500623294530e+00
1.027338916268763835e+00 1.510044263168957679e+00 -8.407264242097577112e-02
1.075075394171518317e+00 -3.604635240358359249e-01 4.600276884305198183e-02
1.045787019765528347e+00 1.275032575911999366e+00 1.436617281850891270e-01
1.044480469082242458e+00 -7.119501927777548422e-01 1.596998501912602730e+00
1.043177644626560374e+00 -8.790824112161629289e-01 4.467017873445376652e-02
8.841687097762779279e-01 2.028673685626405820e+00 -1.098055461272409827e+00
9.059585805370732325e-01 9.555200874741410777e-01 -1.164677372525354748e+00
8.622943363997783717e-01 2.915683620190578362e-01 -5.329595311802457491e-01
1.997826993705700049e+00 -5.669900739911496457e-01 4.103285818198596502e-01
1.032896478140164387e+00 1.290569574738274383e+00 -1.179730802616060226e+00
1.054430402411826284e+00 6.608923169864449054e-01 2.008638044260909972e+00
1.070871637143703703e+00 1.351723541394278083e+00 1.483545527015275978e+00
9.452854384399060894e-01 -1.933846631686223283e+00 -2.062551834516375415e-01
1.035754263760265248e+00 2.047919053750669516e+00 1.369622671764547439e+00
1.263528158470597518e+00 5.780827798436366516e-01 -1.637623435227505142e-01
1.048240539635147073e+00 -1.045708904547647311e+00 1.126082880610243642e+00
1.036702814206626799e+00 6.226820841022842057e-01 -2.635426016091927615e+00
8.041406147550355099e-01 1.138442055505610506e+00 9.204426718288122311e-01
9.614218491755864848e-01 -6.060675715301471200e-01 -8.323459654566269794e-01
1.133021471263581548e+00 3.558585743374491628e-01 1.109916731839792670e+00
1.126750847108466180e+00 -5.907983153111007191e-01 -4.926911928888797476e-01
1.153682042089319237e+00 -8.453006056902027110e-01 -6.167459945022133461e-01
4.264675447046014645e-01 1.972965875990138618e-01 -8.907025216347984609e-01
1.066940130524286712e+00 1.345008849694882436e+00 -1.062106491608730163e+00
1.097495636794189489e+00 9.117828847806811465e-01 6.517717243315854780e-01
9.518617496917561871e-01 9.845877348615428293e-01 -1.227523169479809662e+00
1.038135497566625931e+00 1.885019409057439921e+00 1.360682842912092738e+00
1.029684102465287854e+00 -9.804594997904286791e-01 -1.110639407319473637e+00
1.298969939426142250e+00 1.128058988722794448e-01 6.405069379693570930e-01
1.024324962393819316e+00 1.394025285863254471e+00 1.746241660808591778e+00
1.043720247631978904e+00 -1.178510431829005167e+00 1.490107844087757316e+00
1.038459780349909378e+00 -7.380967464490886254e-01 -5.915366239258703640e-01
1.615447195814005754e+00 -5.661393794017861580e-01 4.103727128834954718e-01
1.072715471233522289e+00 2.009138487337371881e+00 1.152305814969465159e+00
1.040836384004916182e+00 8.147271684132972869e-01 1.454385815364450663e-01
1.030342249758919637e+00 1.606670261736774963e+00 -4.898058409709217798e-01
4.550672103085917630e-01 1.188078875834481352e+00 -1.260462836856364843e+00
1.019246874094447808e+00 1.150111280051885343e+00 1.200803178085116496e+00
1.024332528849650537e+00 1.210927657950073177e+00 1.193571602956887245e+00
7.261002209035407606e-01 1.568128982175938102e+00 1.248185955270983749e+00
1.059979211905329288e+00 4.657194887709601439e-01 -3.001847094435430296e-01
1.056163101039520491e+00 2.564242208661920985e-01 -8.355153840765559004e-01
1.213338489159247802e+00 6.690270134689596304e+00 2.573407923821003362e-01
