1.285442131276355759e+00 -1.369594549095862757e+00 1.680056752537804066e-01
1.045706941378479859e+00 1.462837289348045688e+00 1.741737325991234542e+00
1.068172415506082773e+00 1.006572639919462109e+00 9.510036910063118798e-01
1.029296239953998215e+00 4.136208464637426196e+00 1.683398079958804638e+00
1.059267831398610582e+00 -1.270970509359177658e+00 5.844791064222176757e-01
1.227892700342321675e+00 2.665190769418782635e-01 -7.928864982144298579e-02
1.072189800055250108e+00 3.071861689580313373e-02 4.341037848676131405e-01
7.220153999027899561e-01 -1.496072924403655469e+00 1.649374232750591973e-01
1.024268119045161907e+00 1.168198701652504612e+00 1.033177920744470457e+00
1.053614235405045951e+00 -8.253838560207595876e-01 -3.337967671064647202e-01
7.057507872458843590e-01 -1.773732622623393151e+00 -1.427617267893358743e+00
1.085864731885586520e+00 -7.837210095687964229e-01 -7.940519157350732771e-01
9.840634346564259838e-01 -9.915493586288984806e-01 1.092848126375800533e-01
1.031386808679415346e+00 7.306337115836131213e-02 1.640430918810653838e+00
1.047446381109664371e+00 -8.746384955747236178e-01 1.040298941110568975e+00
1.053788251483611216e+00 1.510362549496271578e+00 8.187574657689007385e-01
7.933624209160426988e-01 -1.437379049312069279e+00 -3.982488650900459226e-02
1.097585893533975288e+00 -9.273124841233638671e-01 -5.524493812309337892e-01
1.131774656256827161e+00 1.442604812020533922e+00 1.203234269320510474e+00
1.130005333800206513e+00 -1.035384641751770474e+00 -1.258286132405757929e+00
1.217356671503215360e+00 1.548640042362980251e+00 -2.358665425521465353e-01
1.196361348077188858e+00 3.217148887356665599e-01 -3.183075246994791496e-01
1.065618614529731945e+00 1.228971957372982482e+00 7.829921616691178921e-01
1.686940194956298100e+00 1.099963774058356991e+00 5.702484604541641772e-02
1.077794463384453838e+00 6.632194116904055470e-01 7.314575492919697108e-01
1.025426132442711191e+00 2.263964001945351079e+00 1.346970725048304729e+00
1.068785896902759713e+00 -8.450271522410548464e-01 1.180692988209507854e+00
1.031561762615949895e+00 1.358832328570616976e+00 -9.088961895412007719e-01
1.039682421161372439e+00 -2.812887855788624325e+00 6.123568810022901321e-01
2.470074859929655364e+00 1.488940346901934220e+00 1.693952155824834049e+00
1.088766701205325704e+00 -1.278378878849839140e+00 4.628071182463108953e-03
1.048294549352061900e+00 1.514133040344979975e+00 1.660386415043119346e+00
1.037564310412246282e+00 -7.539349890302914359e-01 1.356105438252180662e+00
9.261796725795833352e-01 7.846272023993536848e-01 9.260484857481411369e-01
1.037922184739262566e+00 1.098655657472294989e+00 -5.963628560260529898e-01
1.057730411522310510e+00 1.518379385891356126e+00 -9.097961412719601793e-01
1.032616652038874205e+00 1.095069561778519995e+00 2.477819126616120471e+00
1.042532380009825399e+00 1.577252474317050845e+00 3.083368102127145155e-02
1.078673635362985328e+00 -6.640581665362247366e-01 2.379214035364196969e-03
1.039450118945739465e+00 1.386389742240980549e+00 2.186872777133125334e-01
1.045112755937444682e+00 -8.328951564486203329e-01 1.625846751503048138e+00
1.054503774507638658e+00 -1.129778797376797206e+00 2.936767425516116289e-02
7.243548360996481250e-01 1.847347315201331330e+00 -8.230897407628037232e-01
8.321047223650125391e-01 7.873147969303343485e-01 -1.312916541251610836e+00
8.511766100401185753e-01 5.509343178742356351e-01 -3.384685104752425677e-01
2.025814448169891868e+00 -5.138940048962831186e-01 4.248639863723793209e-01
1.048303493897649652e+00 1.115749817405131017e+00 -9.602881892992740642e-01
1.082998820837263398e+00 3.730707723111678087e-01 2.085897587395114883e+00
1.114959770008248086e+00 1.588574422956461341e+00 1.427488644457757472e+00
7.721834636545121811e-01 -1.872999236089346820e+00 -1.486900125414364893e-01
1.018433741364171974e+00 1.829179212196982096e+00 1.561859459397859418e+00
1.274251942313633146e+00 8.677911282707149176e-01 -3.103626566303739343e-01
1.063366461713751043e+00 -8.409182824853856930e-01 1.064564393506987949e+00
1.075912174899611884e+00 4.924779858125994947e-01 -2.586804101219599250e+00
6.672901919938383219e-01 1.042927802049519626e+00 5.899361578449175969e-01
7.431720627785552979e-01 -6.476704533023673882e-01 -7.798651359944939188e-01
1.158109695894972591e+00 3.871113846353207988e-01 8.380539569485440099e-01
1.055240096181721876e+00 -8.301504812139518519e-01 -3.416225116205703904e-01
1.088028581264316896e+00 -9.088036230618341538e-01 -5.040011072386677560e-01
4.295168783952057479e-01 7.092938566189032068e-01 -9.377907257756451509e-01
1.096043188484282060e+00 1.277287289714204022e+00 -1.196010367555254250e+00
1.091205672979217889e+00 1.000047139997117140e+00 3.109938418294653228e-01
7.976814163217204046e-01 7.769317917932068163e-01 -1.354805440253014526e+00
1.017667708287482542e+00 1.853311194299062548e+00 1.560268956848694266e+00
1.047032014689397883e+00 -7.694686860322547117e-01 -1.276661009401384383e+00
1.198031197946614501e+00 2.580627102666873188e-02 8.648982345035380881e-01
1.031991126088944943e+00 1.647864311780891544e+00 1.455864023639804605e+00
1.063079530809658113e+00 -1.058689808471615645e+00 1.740866932962398028e+00
1.056211209555637076e+00 -5.454220771967347448e-01 -5.686326522665959837e-01
1.566678660223335573e+00 -5.252880628042110311e-01 4.249431962472663415e-01
1.110229982733132337e+00 2.021774898457307401e+00 1.121022783237897613e+00
1.048237933535501210e+00 1.022657269884618136e+00 -1.189260711925240882e-01
1.036066339978884088e+00 1.293635957816967386e+00 2.313076430038919495e-01
6.057304367790339317e-01 1.373145620681699208e+00 -1.248739271418317642e+00
1.023230927356852726e+00 1.297692326873823188e+00 9.939579314485025296e-01
1.030772662059557199e+00 1.342455493471500061e+00 1.575014979989874941e+00
6.407613224646616645e-01 1.553247595671860104e+00 1.194574586330285237e+00
1.073731930534898016e+00 3.858954094862808715e-01 -1.851808521015527453e-01
1.082352561951912095e+00 7.816091326739452172e-02 -9.554704142176884130e-01
9.709149533415328825e-01 6.286081739307847194e+00 1.789564623274274291e-01
