-4.972580593370436453e-01 9.517485937174990918e-01 2.408585158155839068e+00
3.345086581267644465e+00 -5.064005993184597099e-01 8.943467975493786526e-03
3.518034972566435492e+00 1.036320955828007762e+00 -1.481809049773812614e-01
3.823567312487575975e+00 -2.981474167876813297e+00 -1.703735465157760198e-01
3.430951913598326630e+00 -2.388288739909789626e-01 -3.956933705455344119e-02
3.020359252658288529e+00 2.335657177148400265e+00 1.298588828044209942e+00
3.525894913567871214e+00 7.505668386800319336e-01 -9.844193724721591598e-01
-1.470259684046138604e+00 -6.785996136207802509e-01 -4.731952198591572456e-01
4.586031933078057676e+00 -3.847179479804750946e-01 5.049811386709558009e-02
1.891300803711478240e+00 -1.394513688872359158e-01 1.690193785612539579e-01
-1.218940197422455851e+00 -8.510080634667008814e-01 -4.492242405790450310e-01
3.147260001661424500e+00 3.506518475109948185e-01 -1.566102966997647006e-01
-1.225279391805199181e+00 7.426863519862078045e-01 2.925870120482252368e+00
3.792609016110700448e+00 8.544749126588821464e-02 -8.411240999175045863e-02
3.669034580251240740e+00 1.734427575316615511e-01 1.425882745465221202e-01
3.507628703254492830e+00 -3.855495639676157493e-01 7.871433989937041964e-02
-2.359027571712177807e+00 -5.455665688958033499e-01 -8.483566306030367876e-01
1.679602590665442818e+00 -1.919395850171323747e-01 -4.004522035650885659e-02
3.476436992270440562e+00 8.552670862574145438e-01 1.221884870948732188e-01
3.231049627379953382e+00 2.437750186145761222e-01 -6.073569532237582669e-01
2.834607218851643573e+00 -1.958610669933885384e-01 -1.211805391628091977e+00
2.904822394647437189e+00 1.373118676244555747e+00 1.070083365078118742e+00
3.245239041545320280e+00 -5.930557317028934960e-01 1.798085033944722133e-01
1.610768833423600777e+00 1.249942755063261079e-01 -8.744732714194018985e-01
3.803973293543938539e+00 2.953068643076913080e+00 3.499290681844228423e+00
4.233663014905197031e+00 -5.467666457949039716e-01 -1.347545549604225457e-01
3.061932705462787396e+00 -4.405169239392297542e-01 -1.134277282212764915e+00
3.984451215266894941e+00 -4.077877830966117334e-02 -1.604763984279151456e+00
4.002701096976891471e+00 -3.809925583683759220e-01 7.864353684476391715e-01
-1.017641601912508409e-01 -9.762174590777406014e-02 6.374164874138114056e-01
3.287988253733222344e+00 1.628483406701749722e-02 3.584671618082258426e+00
3.343264715265712450e+00 -5.461561627653198636e-01 1.333370518976472463e-01
4.087342857650459571e+00 2.457798129232718898e-01 3.182117994353016177e-02
4.295759825415041533e+00 3.822806416963451248e+00 2.180582335169851671e+00
4.138453574316290684e+00 2.215598195890066402e-01 8.215218764411129360e-02
3.360466606577269921e+00 -3.774089912295460758e-01 1.753151998622749230e-01
4.217771970994537156e+00 1.014324708683288362e-01 -9.096059072616050623e-01
3.668547343097687818e+00 7.165695406972569792e-01 -6.290179564876937635e-01
3.135440196433286975e+00 1.089996632914697061e+00 3.403391883585801914e+00
3.694388410083189189e+00 2.108751873961916268e-01 -7.493655099167478850e-02
3.675003439924268811e+00 2.063299959550996820e-01 4.908089030211428838e-01
3.343315525334873861e+00 7.819685294279783427e-01 3.596838901012104905e+00
-9.064624388805239130e-01 -1.144690088042265463e+00 -5.443458344821194839e-01
-1.516356086256227309e+00 -1.746312607489456381e-01 3.286211148944596094e-01
3.444976577107362048e-01 -2.777552416905617050e-01 -1.934405093722545710e-01
-7.638097872439796321e-01 1.751295477239737330e+00 2.793046950702863462e+00
3.624967958244320609e+00 1.954595777366353870e-01 -1.265262811685386790e+00
3.145750350840808451e+00 -3.298504379018080690e-01 4.347537425640704556e-01
2.912094804927015002e+00 -1.074893468979053468e+00 -1.923014659361303724e-01
-4.446035702174707671e-01 -4.946528513749132716e-01 2.260205026767004299e-01
3.538483246116192138e+00 -7.353275395403664483e-01 2.625769057396283856e-01
2.000235236589166021e+00 3.843407255314259530e-01 -1.044828920091811941e+00
3.079148829388948627e+00 -4.417044307804904868e-01 -1.216148461485949239e+00
3.171591241092640789e+00 4.009011162881737644e-01 -1.042173444799985527e+00
-1.640340440034248282e+00 -2.064709961871511013e+00 -5.155797405634033881e-01
-8.180058688098206243e-01 -1.988971098106255830e+00 -4.879304394056384608e-01
3.093024695730838491e+00 1.659307574118520368e+00 6.304506621232606189e-01
1.882613490444379423e+00 -1.418875309330853984e-01 1.604808015085028849e-01
1.721928594821123371e+00 -1.822578677419313120e-01 1.784058594422868174e-03
9.542795178184972915e-01 -1.985362426040153949e-01 6.918026816983117167e-01
3.006644159759113588e+00 -1.213834876483954162e+00 -7.930262497708860658e-02
3.384982043789078521e+00 1.234754269299117135e+00 1.128657042872378780e+00
-1.593369575017477224e+00 -2.003941260991249640e-01 3.072243682927910946e-01
3.543735831077448495e+00 -7.511090925461316736e-01 2.637171390640908331e-01
3.525331492666704758e+00 1.985653530861655747e-01 -5.226223651610851784e-01
2.790689845306894679e+00 7.920648741630673673e-01 1.247834196998826695e+00
4.366449058315646781e+00 4.262673329834628100e-01 -1.451019823435679146e-01
3.308736425691079841e+00 -6.222702272570311832e-01 -2.570592256468675618e-01
3.690536154767156241e+00 5.236797518086312442e-01 5.443960030217985802e-01
-5.172967069274998497e-01 1.740137483524510253e+00 2.795403189502782659e+00
3.069908184827503383e+00 1.470627036493464823e-01 8.367840862328302931e-01
3.943935789698346905e+00 5.643723812269112461e-01 3.881941085370546607e-01
3.719313256479385821e+00 3.921014834822298956e-01 -9.335536794954336914e-03
-1.701683167711819156e+00 -7.372358706599273503e-01 -3.269915460074766522e-01
4.613230039092490742e+00 -5.463906157530223906e-01 8.500797911081028890e-02
3.990574462174196313e+00 -7.642085020939559659e-02 -7.022737902904023777e-01
-2.211941535945707749e+00 -6.938884222542103242e-01 -5.156078065492220031e-01
3.541424158595977811e+00 1.454265971590662510e+00 1.500236666271516306e+00
3.154142343507584378e+00 4.759688365814904176e-02 -2.585367989552639356e-01
-1.537130288135783562e+00 -8.290598228542072068e-01 -3.456002017673234228e-01
