-4.970605247095612467e-01 9.920790699088426479e-01 2.461958275432095000e+00
3.477696516625919720e+00 -5.310634149808259874e-01 3.306206679924997976e-02
3.805803167280485066e+00 9.907486959616216282e-01 1.572481747317858447e-01
4.204802436612907535e+00 -3.007584366508555540e+00 -2.528970206424446809e-01
3.840816013838821430e+00 -2.792109015189112586e-01 -3.520352551660281271e-01
3.020342488863906549e+00 2.335657647842695805e+00 1.298588210556385736e+00
3.879033334218618734e+00 7.943496454508738314e-01 -1.095000975530721732e+00
-1.448441150812933120e+00 -8.044685327740687120e-01 -5.381228922889714772e-01
4.922018868466454755e+00 -5.835915621837077794e-01 -2.590511206564368590e-02
1.718298539295943783e+00 -3.108586033224793876e-01 1.144618912566216194e-02
-1.555169655063879830e+00 -9.572937651224761035e-01 -4.149510580809579463e-01
3.500845282630126842e+00 4.789871801539723473e-01 -1.939485418164114683e-01
-1.225632143987572364e+00 6.475357157229393312e-01 2.887344632424968083e+00
4.178511327050665081e+00 1.627498725859669038e-01 -2.100157807961271217e-01
4.092633844379413688e+00 4.341523217568208498e-02 -1.323197381858992605e-01
4.030564033069531149e+00 -1.777281757734478773e-01 -8.339416846415501627e-01
-1.938469036310548788e+00 -6.208082845777478376e-01 -8.500774585294779140e-01
1.560270073269772295e+00 -5.596460563651021181e-01 -1.817943603113165441e-01
3.476437381448956199e+00 8.552657238649038485e-01 1.221886676884989809e-01
3.230865934962772190e+00 2.445976278610066112e-01 -6.075692991285365219e-01
2.839064564332322682e+00 -1.959052922016266129e-01 -1.211831323136196126e+00
3.033756218929555271e+00 1.795564216964379733e+00 1.285745692063698709e+00
3.526305431172293225e+00 -7.468274212179031313e-01 3.161046007630540777e-01
1.631644574517154167e+00 1.849386315003117287e-01 -8.391071749704068772e-01
4.399264710796706446e+00 3.115052109147867565e+00 3.445130826659094314e+00
4.478914950449481402e+00 -2.218907097497354597e-01 -9.880340030759546255e-02
3.367025964306665120e+00 -5.053407814961218270e-01 -1.091775027479941373e+00
4.317516214561144317e+00 -5.399934525735099883e-02 -1.217593982621618887e+00
4.836887235159920806e+00 -9.967831998526319182e-02 1.048362694360336356e+00
-1.249745435806032534e-01 -4.736309186192406706e-01 6.415218714049745197e-01
3.646750209555711830e+00 -3.779998927317602120e-01 3.659213131694365462e+00
3.767016589338283428e+00 -4.979621034493914578e-01 -1.257813137001307924e-01
4.372525855590413180e+00 7.579413509771256718e-01 1.490598698689902905e-02
4.711641129563162167e+00 3.740062043222591281e+00 2.250816742921511793e+00
4.491381348549090546e+00 3.347000353608338141e-01 -1.800371075909829033e-01
3.677223117124146512e+00 -3.865324683123887994e-01 3.842698960407530534e-02
4.554676655241498118e+00 3.554154075630551191e-01 -1.161420487977077087e+00
4.038602622077307025e+00 -1.294484205894434470e-01 -7.213088734111102740e-01
3.363729784836731351e+00 1.359895764036450849e+00 3.708789659809714312e+00
3.864890860257501615e+00 3.013916391201475475e-01 1.254301006082569614e-01
3.884807208765527875e+00 2.448901729924557180e-01 7.121127420362719507e-01
3.590541663978916276e+00 8.544948878509733836e-01 3.664754865811824747e+00
-1.016628580422313854e+00 -9.569664249430690495e-01 -6.149357001710672455e-01
-1.551999889326329152e+00 -2.726173455078078622e-01 1.055738569401806354e-01
2.116305998108099218e-01 -2.940706755161305863e-01 -2.808321940666217431e-01
-8.086593210520115482e-01 1.749064161536292294e+00 2.780420029326099218e+00
3.953046124248957849e+00 -1.327187040282935271e-01 -1.096277917954513015e+00
3.546685974602152847e+00 -3.737172728927139476e-01 5.187156281209719388e-01
3.301931221888267487e+00 -7.860991456391609455e-01 -3.196092600164789355e-01
-1.781357684384244078e-01 -5.585024334410867430e-01 3.861470707159472132e-02
3.731330239286583250e+00 -6.918108978396141362e-01 -2.737987188485745821e-02
2.402207984366420579e+00 2.351936024156587104e-02 -6.273789743460757018e-01
3.383761759674000835e+00 -4.873466108185662837e-01 -1.280090201430707397e+00
3.641745709657055130e+00 2.796605367556484478e-01 -7.229500991832003010e-01
-1.808764355932825252e+00 -1.843149175653113758e+00 -4.492065865769198085e-01
-1.028420716918229783e+00 -2.174331778853999086e+00 -4.583486629435366555e-01
3.239728674812883291e+00 2.089735019766207014e+00 7.959945347503355473e-01
1.711532979083760120e+00 -3.235856603532645259e-01 2.224302688105466320e-03
1.596005199898365534e+00 -5.105174539866997874e-01 -1.410330841390580459e-01
8.830056570908447755e-01 -2.160466775904150150e-01 6.345178432078426578e-01
3.346432850799823111e+00 -1.126607376862627019e+00 -1.104334542376834288e-01
3.378180358457683052e+00 1.328902717403916744e+00 9.421516263496916288e-01
-1.529168689638797929e+00 -3.135791782517304283e-01 6.289587514020188175e-02
3.662300854864426025e+00 -1.095698155561203091e+00 1.678367241098879456e-02
3.924033620198409178e+00 3.971757048786600519e-02 -1.720572210921277601e-01
2.525923137387792838e+00 8.773854698199333724e-01 1.019778494431014870e+00
4.583988774712958403e+00 6.307335551393022932e-01 -5.177579634355685689e-01
3.624596576763959188e+00 -8.804215122781506864e-01 -2.615244262484219262e-01
4.057039229617564580e+00 2.626900454195499890e-01 4.184120953831196865e-01
-4.771952328135640187e-01 1.753797382239565827e+00 2.774599547627304652e+00
3.407353048555529451e+00 1.418628427430443373e-01 1.315475081728647022e-01
4.255175215160640789e+00 1.125635745335455962e+00 7.023017243972838886e-01
4.253814393673622796e+00 5.289857057205662461e-01 2.013430984233879062e-01
-1.655641454689803949e+00 -8.641121292911825291e-01 -4.871018800609346333e-01
4.936964319104566457e+00 -1.049078998957207354e+00 -2.520177197919218955e-03
4.305543237708028492e+00 -1.822756384099795957e-01 -7.369299349558959822e-01
-2.446560361857333721e+00 -7.125908310487663044e-01 -4.870991103147302437e-01
3.668927918397588694e+00 9.967199016130723344e-01 1.000267145243806333e+00
3.500181591937950198e+00 -1.060256133942264339e-01 -1.657990279843151449e-01
-1.724826676324294317e+00 -9.544105161218968680e-01 -3.113342058767589182e-01
