1.190129879466961915e+00 -9.380933461703772069e-01 2.211169790028272852e-01
1.019688922158866085e+00 1.781773724409229098e+00 1.613200112027911803e+00
1.090517053322889396e+00 8.773796857127607041e-01 6.872330473674923557e-01
1.084637719118107357e+00 4.262020490714514942e+00 9.558011141159142854e-01
1.094799892153485388e+00 -7.108723879680223234e-02 8.104067018447681514e-01
1.079090438868816948e+00 2.196829517345209315e-01 -1.774320207638304114e-01
1.092086189314647182e+00 2.518953911438848170e-01 7.957099844924058196e-01
9.612695285599649475e-01 -1.069145961247705223e+00 4.110819619351780418e-01
1.093365608835243252e+00 8.254743873980008306e-01 1.306436414446957794e+00
9.481080071006140475e-01 -5.420875379937145633e-01 9.742821404598497881e-02
7.756096466742807838e-01 -9.930484935972977434e-01 -9.297581927458274942e-01
1.231722325878145341e+00 -3.149664242798121405e-01 -8.703244058308846898e-02
9.783080588797488097e-01 -9.516602598509777966e-01 2.208300919684276498e-01
1.091386377574807165e+00 5.804441098540741306e-01 7.783100438479862992e-01
1.120300031867711432e+00 -5.391228415527313800e-01 9.024372069546562347e-01
1.146421471469735609e+00 1.514499976991873664e+00 7.473574080824475496e-01
1.068605255787992370e+00 -1.145180171952154380e+00 -9.154440698983227652e-04
9.619171266569482848e-01 -8.765510774645497438e-01 -5.928974247893169514e-01
1.060534951365177614e+00 1.409363092047691390e+00 1.199217019411675578e+00
1.088493535622151009e+00 -3.901766744900122541e-01 -1.844707201424608534e-01
1.064561074132686969e+00 1.539472420541083908e+00 -2.375881779070618260e-01
1.189945255190026918e+00 4.946624489070143293e-01 -5.295849393847655850e-01
1.143450967601762347e+00 1.368111673186501065e+00 1.419493588884880086e+00
1.992649060586558107e+00 9.056658976485579826e-01 -4.521435267640066535e-01
1.075046393802527200e+00 6.592322298619370802e-01 8.170562283270926818e-01
1.054681487849127519e+00 1.073513836606392768e+00 1.160177796799523708e+00
1.043461284123802679e+00 -4.668918697927172401e-01 6.577962523152156016e-02
1.078016105526033330e+00 1.392777603739889125e+00 3.819809456967545591e-01
1.122575000712268567e+00 -6.262380757449220736e-01 5.991330012593709675e-01
2.547796459457079443e+00 4.054911151959434412e-01 1.335945283601360112e+00
1.030540951025106233e+00 -1.249961167155273722e+00 -5.880163182678034041e-03
1.154126835358650460e+00 1.721392172006934951e+00 1.669788447724070757e+00
1.096213936051540383e+00 -8.555224383005413102e-01 1.323203301672871701e+00
9.739091371369434924e-01 7.709310713626299494e-01 8.116708733483671834e-01
1.085570440205438469e+00 1.127263645787995427e+00 -7.057650820836277594e-01
9.505086008466194780e-01 1.443207607899533951e+00 -2.092927320391346213e-01
1.070915907572711268e+00 1.086860987041077919e+00 2.535948799974152568e+00
1.096570923142160314e+00 1.513052710609103846e+00 5.594311601672308232e-01
1.032505866049185705e+00 -1.393801803901545622e+00 -7.078492480773667002e-03
1.095015430352485053e+00 1.574564355376289804e+00 3.989324051188872233e-01
1.119626659094955956e+00 -6.039213345820073631e-01 1.501695143220415307e+00
1.036362811292471653e+00 -1.501463775091686381e+00 -9.523059099499660632e-03
8.791665643707511357e-01 2.588041998886624562e+00 -2.787893634169479884e-01
1.507322641787998574e+00 4.320514364211773817e-01 -1.086033261384044657e+00
8.367367031085126694e-01 5.783833563346651996e-01 6.992299364359901848e-01
1.795275498239014667e+00 -3.929316069583306814e-01 4.769319903831382157e-01
1.095623631112202956e+00 1.496968791535203014e+00 -1.944033242445445397e+00
9.525000461327107759e-01 1.981110739489374994e+00 1.534535372140525933e+00
1.356082227818987018e+00 2.053017839876495998e+00 7.754424140136385590e-01
7.895675954249294914e-01 -1.985148327526041978e+00 5.812275776690647988e-02
9.632421812997609134e-01 1.981453291168860487e+00 1.535049983844728017e+00
1.026597214078051934e+00 9.079028762333074543e-01 -7.418873032110656629e-01
1.026307726707392565e+00 -4.931028073230016573e-01 2.559662946012279949e-01
1.049555110453297635e+00 -2.504096917672903877e-01 -2.481282307871323756e+00
8.669308521961274216e-01 1.060841247114962194e+00 2.729499758800500997e-01
8.543665134899252056e-01 -5.221926139484289742e-01 -1.001456774614878587e+00
1.092018912841610678e+00 1.209695042052313096e-01 7.372078665440374712e-01
9.493952537955293591e-01 -5.553933734183758020e-01 8.486657524273223674e-02
9.592963207752412957e-01 -6.250382680649828604e-01 -2.404535184903846406e-02
8.046888041701276695e-01 5.159559175981498491e-01 -9.381681511377553129e-01
1.017890875942838003e+00 -6.039959844850322224e-01 -6.706798397318877170e-01
1.337831776407480078e+00 9.705185863676851765e-01 3.488308344186623611e-01
3.349570296199939901e-02 4.543357982842676779e-01 -1.213938770723845817e+00
9.885612877540352894e-01 1.894850619543356762e+00 1.560207976825008336e+00
1.036337047545869972e+00 -5.565788577910103507e-01 -3.059188236414336348e-01
1.190367367173454038e+00 6.963565469456291235e-02 1.330572098452174501e+00
1.078122884996268516e+00 1.528463835856306741e+00 1.284732584400543720e+00
1.141972770877898835e+00 -8.122150325349437594e-01 1.569694631322553047e+00
1.136921335591063009e+00 -7.230559933102053138e-01 -4.638804468319557839e-01
1.779665730080374653e+00 -3.930062072516152250e-01 4.769309199823099088e-01
1.173996717398996248e+00 1.470768984616594777e+00 1.423473623824280443e+00
1.111946673246122952e+00 1.081953073958831224e+00 -4.203873495866206067e-01
1.092070967735809139e+00 1.237330116511433209e+00 5.873256907462248710e-01
7.127286583371316153e-01 2.368871007411748941e+00 -1.030141507917381044e-01
1.064012271867739168e+00 1.084731546618427744e+00 1.250130015310971787e+00
1.083272471602428677e+00 1.563200105723292932e+00 1.507243327084514473e+00
8.411483126110166353e-01 1.221629563152065279e+00 3.483840960755273802e-02
9.456668400305570099e-01 4.728946370416034495e-01 -1.191408086591887905e+00
1.043009672644534369e+00 -1.813203291358932712e-01 -3.927746976670042356e-01
8.284390437366306870e-01 5.273434171892946942e+00 1.339817215028597450e-02
