8.382913053857981023e-01 -7.704185958081390950e-01 2.747096929553384803e-01
1.188150737549621416e+00 1.695906772907603832e+00 2.170382504213432373e+00
1.049421832941044741e+00 1.465906315757333322e+00 8.412705536341420487e-01
1.049668949168293119e+00 4.039506334751009398e+00 7.891129033645407631e-01
1.049339589833434783e+00 -8.253032730714422449e-01 6.928545516492375933e-01
1.054494768472565625e+00 2.441536717787491095e-01 -5.708861420727253666e-01
1.062978902641079637e+00 -1.212602052408158146e-02 1.076096460760319173e+00
1.004145431279193978e+00 -1.388069846682446373e+00 5.997938127157552701e-01
1.046691855464114917e+00 9.882915088779118395e-01 1.141393660252584041e+00
1.071879968816308759e+00 -1.056232288384993279e+00 -3.010502042871439077e-01
7.701558127332348569e-01 -1.127148333451135853e+00 -7.725019948200064768e-01
1.311174399971983595e+00 -9.329912183710667439e-03 -2.467660952738165436e-01
1.062591901390406379e+00 -1.123526691123908572e+00 2.624549062217465534e-01
1.057628588302021999e+00 5.352307361163836097e-01 1.787408545957351436e+00
1.054710374924035188e+00 -9.182071164209369973e-01 1.439516787866969461e+00
1.057573583250310367e+00 1.490302610769193459e+00 6.039769422351064510e-01
8.760322738764246830e-01 -1.453600690440356669e+00 7.190532952358771324e-01
1.517765684268492343e+00 -1.361135570708609688e+00 -6.373938343848917221e-01
1.044241425678175128e+00 1.212278021192146005e+00 1.375017918542269291e+00
1.080761797448521522e+00 -6.381489057236338081e-01 -8.257497384879107505e-02
1.220882839735289549e+00 1.536676664200735676e+00 -2.381304893321658511e-01
1.182182443202246969e+00 5.525046875562564797e-01 -4.342968178817248615e-01
1.068002161264581362e+00 1.909134569523878389e+00 1.614213486563973898e+00
2.364768167245672181e+00 1.404482602923978529e+00 -4.462477042606777800e-01
1.072948176915100138e+00 6.900913103864670939e-01 9.196833322912465469e-01
1.035987964554589302e+00 1.417151197211951041e+00 1.554384183843134259e+00
1.038580078732110001e+00 -9.571649159478272662e-01 -3.043950990085788066e-01
1.046726644709706333e+00 1.471421478838431884e+00 -1.096092529209607314e+00
1.060794494004718036e+00 -6.834991727854669019e-01 6.767553229035505602e-01
2.492138380060542779e+00 1.420459261749079383e-01 1.451783969762933335e+00
1.080868870314705577e+00 -1.065705155415542560e+00 7.564751373136912628e-03
1.113785315025821010e+00 1.745333109147455541e+00 1.648030165489170251e+00
1.051083256591068160e+00 -7.281615495332860455e-01 1.505966878042348078e+00
9.939932481039150947e-01 7.401139202148614427e-01 9.173157263126000549e-01
1.053151151430908428e+00 1.534883710124471445e+00 -6.895948861356614445e-01
1.062558607675314404e+00 1.415671597286227712e+00 -1.196434469385365462e+00
1.040895026765359388e+00 1.220356011579879940e+00 1.140894476564870752e+00
1.138701114073743526e+00 1.514306124397925668e+00 -1.286697681423239203e-01
1.091159471448408302e+00 -1.464949910221071017e+00 7.258582828550828175e-03
1.060158145793219653e+00 1.450536175413700057e+00 -3.177542824665429699e-01
1.051282797093676891e+00 -1.005568390024544456e+00 2.002037494023680697e+00
1.129203598181742318e+00 -1.383704426787710329e+00 7.038431004159218483e-03
1.109892734207233111e+00 2.590890087804262887e+00 4.208759117979572750e-02
9.068856411707597598e-01 8.604272851756069596e-01 -1.287567250798924423e+00
1.107949835124158566e+00 6.443617187545526148e-01 2.040093968367203414e-01
1.847024719702066831e+00 -4.486170652612853083e-01 2.912472705287231234e-01
1.056117758250011640e+00 1.496935741718276036e+00 -1.285636969584872169e+00
1.041455431701268086e+00 1.723849502203280482e+00 1.513084822894409820e+00
1.108557457711604854e+00 2.089804048560955252e+00 7.416879142848908923e-01
8.860202606015439297e-01 -1.713706614581532950e+00 6.209005024591159744e-02
1.045822798884765925e+00 1.736389618638487065e+00 1.519248761967423311e+00
1.488800786573829749e+00 1.434268394816684333e+00 -1.534836040022291292e-01
1.037038741862019497e+00 -9.289017663975674965e-01 1.115827803058505319e-01
1.037124161494904495e+00 -1.000291737533316461e+00 -2.466873265818048111e+00
1.202039572462713313e+00 8.779496352098642431e-01 3.909681665845144427e-01
9.684358900253736691e-01 -7.246214487465850729e-01 -4.127729705309919339e-01
1.059737096402834755e+00 3.136448746584127173e-02 -9.469553858843469119e-01
1.260974933447761126e+00 -1.248399668369347015e+00 6.915371421224715542e-02
1.306106583283262124e+00 -1.415284774185023409e+00 -4.241533327809798859e-01
4.715206587527889237e-01 7.800114192703622162e-01 -1.167711749139477728e+00
1.054765355279421613e+00 7.927451118082684545e-02 -1.561931442771142819e+00
1.162529752668745475e+00 5.873683897618778849e-01 -1.657371646526318854e-01
4.055006871147562308e-01 8.998410815794785078e-01 -1.320225131800617291e+00
1.062163626548483508e+00 1.489744900055744559e+00 1.595827224290735424e+00
1.060244847548492242e+00 -8.163620213525827340e-01 -8.805776546071722999e-01
1.303476636544999456e+00 -2.267481841392460229e-01 1.416568791175456976e+00
1.050822634033905301e+00 1.379356381819669908e+00 1.068289859935801944e+00
1.055827964581007361e+00 -1.073371564860181371e+00 1.233967397529661447e+00
1.068662197264917513e+00 -5.563458784935672030e-01 -5.977648498594725357e-01
1.846923066935121316e+00 -4.485602835449594150e-01 2.912503190548745291e-01
1.231826697754459632e+00 1.177022728691314191e+00 1.221433060965756656e+00
1.069413842783007551e+00 9.007082082126818268e-01 -1.237240164424753958e-01
1.234309760265808631e+00 1.335721158895807337e+00 7.334939661714838799e-01
1.265930202600071830e+00 2.178850949179788277e+00 -1.163035873308639057e-01
1.043728206271143710e+00 1.148615715899190315e+00 -7.760146122286050163e-01
1.049209856641248440e+00 1.561928801500355624e+00 1.331385848965369822e+00
1.193758189623572941e+00 1.472324715086730462e+00 8.465207339466604974e-01
9.820628118909986437e-01 2.261075126282107717e-01 -7.271440346495146034e-01
1.046555600773527939e+00 -7.809720792181694682e-01 -1.701189190691922537e+00
5.945256099922562321e-01 5.578935375596882018e+00 -3.079805050289787238e-01
