-7.820949163199041321e-01 7.954257083293206909e-01 1.974843353142992308e+00
2.472892487653369109e+00 -6.635798638354551554e-03 -5.582947557472008882e-01
3.350382128980663232e+00 5.575619475625044619e-02 -3.053052577495712905e-01
3.501704803569742452e+00 -3.214538654958346786e+00 -1.610655945852865312e+00
3.519772789632809040e+00 2.224840455736795675e-01 -1.722047987595068108e-01
3.195324851487005624e+00 2.499540576271119363e+00 1.449732636802669949e+00
3.437140412386226807e+00 4.178455331750892676e-01 -8.269161409384807593e-01
-8.154646304422805692e-01 -7.786997285499155375e-01 -3.282644975407713606e-01
4.181985257990215921e+00 1.677215136847067523e-01 -1.968448228821424451e-01
2.872466770828192573e+00 -2.011454721346032370e-01 -2.941193468882553064e-01
-2.394537548195193322e-01 -1.076501456553997871e+00 -4.613388454061059796e-01
2.436594090316099859e+00 2.513906631159148919e+00 -4.884488215017169233e-01
-1.170614041620299917e+00 5.865850490093135194e-01 1.831614733309385512e+00
3.487652388716004026e+00 3.864268093709647967e-01 -1.564163891726051192e+00
3.673964352197589545e+00 1.272253819145031384e-01 -2.044831904775637754e-01
3.323961355114251948e+00 -5.694362124768426181e-02 -2.813044761319968834e-01
-1.545165121491931748e+00 -5.516515235340340162e-01 -5.461020597016108535e-01
7.659081232627712454e-01 -9.068646462010181430e-01 -4.423235885259894085e-01
3.946520503469134855e+00 3.835067138718258328e-01 -6.104736110070100308e-01
3.012024156782534767e+00 4.010467230408769623e-01 -1.061980304534450581e-01
2.846862882151013352e+00 -2.086935148818044039e-01 -1.211421209003627375e+00
2.646890857708401601e+00 1.511506180685512568e+00 1.590262770557634431e+00
3.097476968695372701e+00 -7.447834065025397132e-01 -3.635100584462890860e-01
5.844631282999603883e-01 3.027192527352722262e-01 -9.290920143462233494e-01
3.803392578489936948e+00 3.472509369951052971e+00 2.992588625311056294e+00
3.981953795820577735e+00 -1.374849529610432108e-01 -7.377642137213792362e-01
3.004250181217392068e+00 -3.037606790993578332e-01 -7.732331064121250597e-01
3.649437091914089049e+00 -1.901470455303884977e-01 -6.358393588326011203e-01
3.860520982017474623e+00 4.511410367390552567e-01 4.885689249576557480e-01
-3.080320697869598501e-02 5.400443047734039270e-01 4.920266669199520049e-01
3.122548833928451284e+00 6.882999090693654731e-02 3.490718271491188407e+00
2.767515946394579540e+00 -2.644073591772916898e-01 -2.386012643919233345e-01
3.955317533025331400e+00 4.514667080966305868e-01 3.403222236924523525e-01
5.135311999320502530e+00 3.817674257150469597e+00 2.113805971544558293e+00
3.766036750710898051e+00 -2.896001024464267548e-01 -2.840575193503503404e-01
3.175476990676600497e+00 -8.939597588424876007e-02 -1.804622099638052979e-01
4.086976829913989029e+00 4.757594054313137033e-02 -9.015827424671258861e-01
2.846130650770742232e+00 9.317433313361933589e-01 -3.787040375936865377e-01
3.079026247149252882e+00 -9.355430149992424727e-02 3.465382906980209565e+00
3.606536247976177112e+00 -2.466530673307524568e-01 -5.680336166296953010e-02
3.496735009089114055e+00 2.012917081213586729e-02 -1.907747727046423813e-01
2.947164323956255938e+00 -2.740900996303658466e-01 3.401202014627434433e+00
-6.006132906843136832e-01 -5.894099452092828040e-01 -3.997312401946077620e-01
-1.403306790614109456e+00 -4.024254017087379731e-01 -9.196710017777449953e-02
3.708142755253592271e-01 -5.344471584785893681e-01 -3.347472156495212570e-01
-6.323574171434549474e-01 1.065814117115407855e+00 2.164617223237463861e+00
3.422902165101574301e+00 -3.944188883646908006e-01 -7.517307929466641170e-01
3.105273594076273458e+00 -2.170249405619040783e-01 6.480937437862692441e-02
2.903738572921091610e+00 -9.152785119265949287e-01 2.248846100246252866e-01
2.719693505101716258e-01 -4.503063449390047324e-01 7.332471892891471998e-02
3.081663977233020990e+00 -2.229283410453125058e-01 4.991862642950627843e-02
9.971024644079974353e-01 2.422692849890146494e-01 -4.517303788482114335e-01
3.011857394862881954e+00 -3.121162619354341250e-01 -6.827456079342945072e-01
3.198308826107445046e+00 -5.880146403556604784e-02 -1.344045642843300303e+00
-7.577776393844807279e-01 -1.570999244729495592e+00 -3.566774352915748070e-01
-3.894936693009806716e-01 -1.804506374445270511e+00 -5.001938161927879101e-01
3.643624652149956678e+00 4.512381532697447017e-01 -2.500644106554457125e-01
2.179813562936230742e+00 -7.811528362490735566e-02 2.457658004069566693e-01
1.942968093034428634e+00 -4.590235386137699325e-01 -6.588480383026271148e-02
9.131270378988473047e-01 -1.987774954295509766e-01 1.825525447818177882e-01
2.966745713037657328e+00 -5.978668969852882764e-01 -3.321857205684653480e-01
2.791137871319090635e+00 8.315998581836566705e-01 9.881717519075120526e-01
-1.501651967649401342e+00 -5.146924055479192850e-01 -2.045491883146458301e-01
3.248909172378307453e+00 -1.429867009172156866e-01 -9.996201062989856778e-02
3.100192965412036816e+00 1.758455873273364056e-01 -7.487090150756487983e-01
2.588836184111041661e+00 7.984532242055741857e-01 9.669363530824051089e-01
4.122423695329152871e+00 7.561354582062154162e-01 2.081694152344168783e-02
3.270962402386768719e+00 -8.083090418229919860e-02 -5.236245486042386821e-01
3.580147535310552520e+00 5.741444198649405806e-01 3.184772920349290826e-01
-6.319996869900149639e-01 1.065871868737482409e+00 2.164658734447885369e+00
2.582686809178129650e+00 7.731779147163401200e-01 1.250253327276277693e+00
3.798810263831034817e+00 7.538107298148956081e-01 4.521984626513815275e-01
2.913810987162679833e+00 1.022137638725356457e+00 1.053093633845532534e-01
-1.187898811339339389e+00 -3.983689352396316830e-01 -2.880833467351920363e-01
4.056137540578032663e+00 1.359502950781769082e-01 -1.181891365554408768e+00
3.666831040100186012e+00 -5.104884404641001350e-01 -5.261191141557918227e-01
-1.844687014584339924e+00 -5.402302860684170538e-01 -6.736374215815154054e-01
3.481751295075115937e+00 4.822193746330475372e-01 5.991170439914558221e-01
2.990931648859038727e+00 -4.649362632518532767e-01 -4.241381114424889742e-01
-1.591435866771762964e+00 -4.690107399137558031e-01 -1.382004182013186755e-01
