-5.736909420175756447e-01 5.615619707646694048e-01 1.770588229392041635e+00
2.406565990398314980e+00 -2.483779790438747082e-01 6.525801808297734263e-01
2.883607648942919432e+00 1.033094676337281470e+00 2.467916129474717057e-01
2.892597028179256125e+00 -2.015221205966283513e+00 2.631108593215730762e-01
2.837091920204040552e+00 9.167964473867780129e-01 2.500766605194721937e-01
2.845730116286552480e+00 2.342572318015703203e+00 1.340804144269512665e+00
2.852020326236399228e+00 9.179486932050338055e-01 2.717794952158661959e-01
-3.435747170898695302e-01 -3.972581019124945545e-01 -1.271303075829948448e-01
3.222902625674201271e+00 3.577077935784309104e-01 -2.537289296302646865e-02
2.520293000496507840e+00 3.925309275368409900e-01 5.234818803079784866e-01
1.299862180328567041e+00 -2.372837972614215973e-01 1.748507107326750798e-01
1.901647762876909509e+00 8.709951791515683217e-01 -3.755019645787410210e-01
-1.227522227297921376e+00 5.535966095049992264e-01 1.768134661581754807e+00
2.868812718582455012e+00 1.032149803197439430e+00 2.788035836611768015e-01
2.733945322093215946e+00 7.439095885053764734e-01 2.651402836568271804e-01
2.378993886125332580e+00 -3.869865357361285119e-01 1.084396333226336079e-02
-1.472755845675559838e+00 -1.988488250888537645e-01 -6.384629555166333459e-01
2.183548367803453072e+00 -3.902355274463999851e-02 4.015883800582331804e-04
3.503889874619885880e+00 8.460874982567642144e-01 1.332210054838859348e-01
2.211314818124443082e+00 7.694094979643696375e-01 -3.283423678846068006e-01
2.794290475921520578e+00 -2.127970336915837313e-01 -1.211377204022830778e+00
2.608859462667155960e+00 5.918990746219778831e-01 1.127198878125535542e+00
2.405601270922562041e+00 -3.640545695312862318e-01 3.825481334064846917e-01
4.482672660544550491e-01 5.563215819284009767e-01 -1.533343569165169784e-01
3.909240778216145795e+00 2.917963035339727007e+00 3.208105971242387167e+00
3.538418929406887514e+00 2.963575242456157333e-01 -1.047394680312933694e-02
2.048406994784836677e+00 1.323940485025620617e-01 -1.229241449395102603e-01
3.060717241265122457e+00 -3.538266559498412511e-02 -7.249807935762653255e-01
3.167872104855288917e+00 5.546073368960964256e-01 7.168736268768408637e-01
1.245699136511164706e-01 8.083376636357062495e-01 7.735299903734685900e-01
3.410483700177203037e+00 3.341548492709468521e-01 3.310578925281887130e+00
1.959123952205243935e+00 -2.175346598164172585e-01 5.867227115837398976e-01
3.297907455120529185e+00 4.159469204548654764e-01 6.128609469505418295e-01
4.226530138691792615e+00 3.522675395255117081e+00 2.151635822352564009e+00
3.274909422579999507e+00 2.605418914075467995e-01 4.643676379392124021e-02
2.978585145511296606e+00 1.570637309584172747e-01 4.088802039128127674e-01
3.392799204655319034e+00 2.802653877484080902e-01 -1.508283469618743933e+00
2.864255354918938234e+00 1.193982474814662131e+00 1.461132434915355660e-01
3.380841069261184995e+00 3.070032117103940750e-01 3.306193759832150914e+00
2.883173860032746116e+00 5.776950692895033157e-02 1.502620712419952542e-01
2.819541248706219250e+00 4.573577470197061519e-03 6.092269610362467391e-01
3.324962604769274854e+00 3.052893146389910051e-01 3.295005314318058876e+00
1.032401555393158421e-01 -7.090377158189179463e-01 -7.215137633767492176e-01
-1.058674789207231459e+00 4.332533266238404734e-01 4.398054376125800080e-01
7.840969459838347255e-01 1.958519671977801968e-01 2.483215285344509970e-01
-7.605185914599551511e-01 1.293366871774884963e+00 2.218594898984477926e+00
2.657416581825198687e+00 -2.263840602531192181e-01 -1.401424076996734547e+00
2.644933443935058914e+00 -3.443666256438648876e-01 7.542859692563966822e-01
1.959892907805936613e+00 -6.780494857210083159e-01 9.794989247444974012e-01
1.278980194726282216e+00 -6.089657539004387221e-01 3.098212945728924805e-01
2.611812254927117660e+00 -3.447743025740063749e-01 7.535225023061086214e-01
1.604491357803296880e+00 5.249804550401150349e-01 -2.763021905113510757e-01
2.062749383699754802e+00 1.171859563855337516e-01 -5.128892108599773791e-02
2.701986469858064233e+00 1.707467299069004296e-01 -9.688608084577048363e-01
2.406775691875353562e-01 -1.877896742879318959e+00 -1.762037111152245372e-01
1.740031368992523420e-01 -1.780043263720617164e+00 2.488428115549617126e-01
2.844434864534722607e+00 6.779165930357441416e-01 2.707169190864406882e-01
2.498276542998478789e+00 3.731969735859137494e-01 5.070370118359036615e-01
2.350242281207284734e+00 2.497669802868958400e-01 3.839976716878283347e-01
9.324504549011383148e-01 7.666587314862618463e-01 8.381993434792462949e-01
2.510831382537063838e+00 -3.163341963828949447e-03 -3.022961724542979622e-01
2.140541504713186161e+00 1.209021535823299409e+00 1.472560505892168914e+00
-7.995801781474826120e-01 5.567572458917593448e-01 4.591133533680012424e-01
2.605891295666439067e+00 -3.051671334863709228e-01 7.195765452096060111e-01
2.403316955050578407e+00 5.441212334179356125e-01 -2.591188364913854514e-01
2.603456981497121792e+00 6.981016610654088295e-01 9.370850770277394659e-01
3.344751558704974315e+00 5.386050995940493413e-01 -7.144224964102742536e-05
2.459852267742242748e+00 2.356202138158501047e-01 3.709590742950765740e-01
2.840116269396681492e+00 4.920114868944085451e-01 7.754956120795519769e-01
-7.487930615180367067e-01 1.293302134984081420e+00 2.218611313974161448e+00
2.494808467740900149e+00 4.953906469318780093e-01 1.027154206762192823e+00
3.086038926128308990e+00 5.442190160892217410e-01 4.724523882131149155e-01
2.881627288484368776e+00 9.893592711766691083e-01 2.132035889220461333e-01
-1.327411831118569641e+00 -4.048436465948420104e-01 3.950277599279075624e-01
3.451949693680353537e+00 2.797304266306493425e-01 -2.483126219853022398e-01
3.023860970739811194e+00 -2.251870224086407468e-01 -5.661915543976607790e-01
4.996501493786015269e-02 -2.163483260669515351e-01 -9.823985000606321183e-01
3.111535067252271691e+00 1.001139781122383443e+00 7.594441925170685170e-01
2.369499663676259527e+00 2.272903860602453752e-01 -2.303855694815417354e-01
-1.622566687249590522e+00 -7.727052075548189736e-01 5.454597989600747932e-01
