9.161199699634068327e-01 1.859990590731690263e+00 -7.729818096507600211e-01
9.788689174768049339e-01 -3.691905317684563981e-01 1.018311383033592588e+00
1.031602357333945230e+00 -1.087568337382131878e+00 -4.119423677269634099e-01
1.011091893381693252e+00 4.257853031494561180e-01 3.520523766775301988e-01
7.474699925886234553e-01 3.078639175753050683e-01 4.952157841820787887e-01
1.103182253093290877e+00 -8.738940743189771432e-01 -1.046024852928804538e+00
1.044547008572101809e+00 5.718442734131949923e-01 1.276985780325106568e+00
1.054737854076304160e+00 1.286762622741296491e+00 1.519527411153739127e+00
1.108587386467841940e+00 -8.764092346569811731e-01 -7.763045532955761274e-01
1.230891680432044888e+00 -1.198704570430791649e-01 3.399451484122114620e-01
1.300194312638626171e+00 4.475092248904256609e-01 3.708427425707299663e-01
1.358901731059401596e+00 4.082767576267180010e-01 7.429335400866404759e-01
1.021239354599893012e+00 1.432503857042971007e-01 -1.838691587240844361e-01
1.104219698410878303e+00 1.448932967480959899e+00 1.659303598447559480e+00
9.863801888784518024e-01 1.364946126882985888e+00 -9.552139004657381749e-01
1.093319730865026207e+00 -1.382981651092229258e+00 1.312728673950408931e+00
1.398908472518029855e+00 2.937411935314396816e-01 1.929954824309755290e-01
1.068434867041322400e+00 1.054125998336674641e+00 -8.385907987741505476e-01
-3.088195811175623029e-01 5.872269561226490797e-01 6.234101208040128128e-01
1.324938625199826747e+00 3.849608249371182733e+00 4.722282682958362648e-02
1.357425261248910164e+00 8.046191978938199707e-01 5.862793338130530690e-02
1.085724228479882258e+00 1.281132645268540093e-01 1.523341574751367666e+00
1.087357922506279939e+00 1.419450940860668586e+00 1.540640747934977739e+00
1.183177192014787105e+00 -1.185283928613472648e+00 -9.590990346705079439e-01
1.035098172728792676e+00 6.695692576462920487e-01 7.509533140778846573e-03
1.071672980005288878e+00 -7.103635456594181719e-01 1.233456887988276574e+00
1.000104976539393897e+00 -5.500228170550252454e-02 4.794963951972811694e-02
1.056390013490387192e+00 8.528293668577272557e-01 1.484990184204267649e+00
1.099958824956268844e+00 1.535628088650377587e-01 1.519405043050172210e+00
6.706039618382078071e-01 1.656238944880666031e+00 -1.788941609116749820e-01
1.144394812320278731e+00 -1.087873961117626020e+00 1.881513910480828722e+00
1.069381850169512038e+00 -9.206376182869524527e-01 -6.824863777843708235e-01
1.076870037718391293e+00 -2.753957795834530153e-01 -7.453696294628869845e-01
1.163617649192483228e+00 -6.058404180173239117e-01 3.353620198159850130e-01
1.056941752252127165e+00 -1.252582302788225188e-01 5.045238501877534754e-01
1.127550481778922586e+00 1.521395905830048356e+00 1.497309253705890519e+00
1.269516580317719079e+00 1.146685456199125319e+00 7.376367975661067833e-01
1.079953764823001316e+00 -1.078156992588293672e+00 1.215227973745056866e+00
1.112240021210745722e+00 4.363687727074053724e-01 7.924866610231818820e-01
1.049596538173340976e+00 5.410613369915319160e-01 1.322401576733242878e+00
7.898914392343966417e-01 2.884836546609655938e-01 4.894364316795625225e-01
1.181031891203006889e+00 -1.101463220336421633e+00 1.727982615309521464e+00
1.489769691359851933e+00 -6.641767567739478295e-01 -7.200103046950713237e-01
1.039481772005175442e+00 2.930919388777259993e-01 1.293698216979227489e+00
9.544076754883101810e-01 5.821675670276595937e-01 -9.034478542468307172e-01
1.096625006462615959e+00 -1.238265723897355119e+00 -6.239945090871383826e-01
6.530962159128745892e-01 1.856621133152814629e+00 1.275454759975328090e+00
1.083635755091850505e+00 1.380483850798024825e+00 -1.172659323341186166e+00
6.210082977320086073e-01 -3.030612682512769385e-01 5.953633611583702967e-01
1.045079729336894303e+00 5.160372211408988941e-01 1.285587269241073693e+00
1.047503579637835358e+00 5.771483323626366152e-02 1.314672883810366955e+00
3.440164819560655451e-01 -1.109553557995070605e+00 7.591927198844476976e-01
9.761798359021434113e-01 1.215529262389530629e+00 -8.278904981210570835e-01
1.278114306859831739e+00 -1.655341154983567403e-02 1.704518435515967489e+00
1.943340404844834668e-01 1.504952548647488619e+00 -8.696488261083095139e-01
1.109150416885116286e+00 1.270012736612853965e+00 -8.879601555034051241e-01
2.180164947297998701e+00 1.271291728371421570e+00 3.428918379474036326e-01
1.151395212275064139e+00 -4.771865571541700213e-01 5.919723735774707896e-01
1.036581094778781686e+00 3.612165966029526332e-01 1.214548457215007815e+00
1.261914334743517330e+00 1.637939129343620959e+00 -1.601295212121245926e-01
5.409489836253740247e-01 -5.248507230081781438e-01 -2.017676237101372339e-01
1.086205231528056592e+00 1.158119400901431506e+00 1.383984159676611592e+00
1.423721684327556414e+00 2.969936905004681993e-01 4.753097174242855161e-01
1.499226987317548332e+00 -1.175330098469529405e+00 8.864792194674424308e-02
1.043718452279202458e+00 1.208324848297754883e+00 1.736562821891879382e+00
1.252812781684109922e+00 -1.158799563557866730e+00 -7.496021571143267614e-01
1.072451823103222068e+00 -8.154301052082736367e-01 3.044834359026014514e+00
1.100476188319470250e+00 1.367173360481474198e+00 1.167856882213265335e+00
1.110959478962509239e+00 -1.211884499688039130e+00 9.415408286828826911e-01
1.103817332817207841e+00 -1.585975947432630484e+00 -9.896765287133476585e-01
9.705274892279547316e-01 7.488009030250299125e-02 4.745942644470774741e-01
1.256926656620877658e+00 2.671922901599925182e-01 1.482948986868711794e+00
1.715070538505343078e+00 -5.185189816791792028e-01 3.776525229509208326e-01
1.047727936181189978e+00 3.955799411505180885e-01 1.301288547345728963e+00
1.149571069503626308e+00 1.349715744745314971e+00 -4.920896594220244835e-02
7.136490471432919147e-01 1.076000790640365468e+00 1.183362734949920281e+00
1.373787633170338252e+00 8.995893305597838507e-01 1.037862512522117919e+00
1.086089455835808071e+00 1.285717158912715208e+00 1.399247410185399554e+00
-2.873918030652095057e-01 1.040566701267152228e+00 2.063218248873866845e+00
1.105772080102593646e+00 1.124592211798191022e+00 6.252873025013455655e-01
