-6.712200189555213026e-01 -6.975012875124455558e-01 3.781228694598505191e-01
-4.547989469812258045e-01 -6.137893732006347580e-01 2.685462376795993977e-01
2.441937229762638495e+00 6.793110788297107572e-01 1.817526471498422724e+00
3.755707080311692980e+00 7.676352678539878349e-01 1.427312950493961674e+00
9.794781119187501162e-01 3.310077506847802220e-01 1.447533491074040612e-01
3.142722809251526361e-01 2.993145850388142515e-01 5.235765070520816966e-01
3.634144962906905363e+00 1.163968512402087790e-01 -5.835493419408081112e-02
3.301970811640885461e+00 -3.078547284376518256e-01 -2.221244363828634716e-01
2.950769370860302665e+00 -5.662177329035142925e-01 4.192218901902527994e-01
1.371202236426685428e-01 -8.865925663813327695e-01 3.940978007318070020e-01
2.159344213232119891e+00 6.969560557127717493e-01 6.338189714539911312e-01
1.996599361942499318e+00 4.985295171024217709e-01 7.806672785861232811e-01
5.909804611491861204e-01 -6.443334651164498439e-01 3.280914281523031883e-01
2.958259259029329513e+00 -3.789484843937911407e-01 7.063426420604402844e-01
2.104289784856435030e+00 -1.316783518786362350e+00 7.964293986339983367e-02
2.783208454583093072e+00 -3.567076273956721333e-01 -1.487637728721986907e-01
2.110367040978892383e+00 1.864773302131501609e+00 1.690186981055890492e+00
3.393965347027208423e+00 -9.029904457388083783e-01 2.454354245099888976e-01
1.299316521343760300e+00 3.185113119959932515e+00 2.997285211764606938e+00
2.140878642131228915e+00 -5.193326993185193308e-01 2.150768193582422327e+00
2.314101802292860111e+00 2.220623831462688713e+00 3.324430074717750205e+00
2.288227997775210465e+00 -7.581948749588898750e-02 6.933396782150260673e-01
2.883628118216668756e+00 -4.205381348567409638e-01 -3.012894777087327669e-01
2.081090156988717688e+00 -6.348668773517287534e-01 1.098843264279924931e-01
7.135483523870216338e-01 -4.179790148174904463e-01 -1.267666355033979064e+00
3.200313201698959720e+00 2.388292807877715196e-01 9.921244506609944169e-02
9.080933495612500961e-01 -3.557997093183047910e-01 -3.886025585252437242e-01
3.298036070611201520e+00 -4.887505890896635119e-01 -1.967502711874754562e-01
2.239959277651679681e+00 -6.105925533577396397e-02 7.001626200509424303e-01
3.707361759934968415e-01 -9.396729127515243141e-01 5.648772652317874954e-01
2.513590803572516741e+00 3.601423937378029905e-01 2.649405663576309689e-01
5.821163456177658180e-01 1.515592067680416044e-01 6.008839579646555462e-01
3.118888753627914401e+00 -1.163044658133161047e+00 3.875798198362466196e-01
2.807389159398649969e+00 4.579989173755996124e-01 6.260900065869074993e-01
-2.603203531537879312e-01 -5.544908017902487884e-01 -2.261658855255340161e-01
2.445200890341685085e+00 -3.913583018004764824e-01 -2.716652223303983038e-01
2.167266400953010486e+00 3.919495960439666193e-01 -1.007233688266020999e-02
3.561141584667667281e+00 -7.247618662698974978e-02 7.548361524100059838e-02
-1.314677216495515819e-02 -7.253264984423648531e-01 1.938207943669038036e-01
3.379242350923983729e+00 3.334726954813542754e-01 -1.196747124506532950e-01
1.165075126631244684e+00 3.757902850358190716e-01 5.302522884811966541e-01
2.206146928972053445e+00 -1.312073767357934961e-01 3.509355493824612982e-01
-6.073874700542578609e-01 5.358571712789621522e-01 8.699500025831105043e-01
3.447461223309512324e+00 2.492437744846162373e-01 -1.024606581616522155e-01
1.282102850988812381e+00 -7.129494090444808974e-01 2.643920016484244129e-01
3.029989256012344256e+00 -6.125801637764101137e-01 1.023610732415965452e-01
-5.292166330905438698e-02 -3.531480836030562731e-01 -3.670343687722110171e-01
3.500462170683293461e+00 -5.316773051596589417e-01 3.192853201784947095e-04
5.150561844852903359e-01 2.947873894201454847e-01 -3.900750169754509389e-01
3.619117388123246126e+00 1.256659227377638910e-01 -7.106975263223509753e-02
3.390707341625664561e+00 3.489409778996881428e-01 -1.102942827839020756e-01
-1.288086163870329481e-01 2.243250845364851143e-01 -7.125842025257127510e-01
2.644611360852223481e+00 -4.381538342709328515e-01 3.642965267244681060e-01
2.393470788952393180e-01 -4.874171836444740058e-01 -5.351979992311144407e-01
-4.784754512447847996e-01 -7.644275763096770593e-01 1.331683422856518029e-01
2.682246080654621778e+00 -6.698585958311801258e-01 2.442715865034934264e-01
9.081468836149141355e-01 2.397640122332870050e+00 1.550225271687967199e+00
2.756619233043653860e+00 -5.318915357426816648e-01 6.251406704691889749e-01
3.481540835139768308e+00 5.670147954257362954e-01 -5.338386363585360256e-02
7.687083116727756460e-01 -7.820992421575083675e-01 -8.397730635886264672e-01
-4.260939019536895134e-01 -1.204841977979111745e+00 -1.413503768726114551e-01
3.151653962146550469e+00 3.233911702762446438e-01 -1.546631385811755577e-01
2.328126653027022541e-02 -1.060989407046376121e+00 -4.006056788106264754e-01
-3.397578056663307366e-01 -4.220610036224626826e-01 1.212802500626206925e-01
3.134880560570225239e+00 -4.613901039522964598e-01 -4.280365842772074214e-01
6.816268205803951985e-02 -1.441586839926633223e-01 4.335183208111458297e-01
3.184941663989119487e+00 -1.850686493036789448e-01 -9.839106325879590775e-01
2.984385088332671909e+00 -4.216843113277861654e-01 6.021975456347794520e-01
2.450312212347954155e+00 -2.816099215103553544e-01 1.322700758411171074e-01
2.687915567375656067e+00 -1.027246163438332749e+00 1.149693096324278831e-02
1.155027575704133058e+00 -3.844267722381404795e-01 -1.305147790941844632e-01
1.894383286835075619e+00 1.194420350450870263e-02 7.655423474522278227e-01
8.014703664582325526e-01 -8.841804084088789040e-02 9.341253291217885280e-02
3.557799911388101144e+00 1.622245740973723149e-01 -9.789943858959515577e-02
2.476110509448430808e+00 -7.213499830064272755e-01 4.675229504904310773e-01
2.599965343072883961e+00 2.471056833957049559e+00 1.371808533766362359e+00
2.073217293511137260e+00 2.537883696365979547e-01 1.423437748024237282e+00
3.443405943287234816e+00 -2.915937959616820858e-03 -1.720794258767029683e-01
5.504181198701033617e-01 -2.011976648325443651e-01 -6.219278460801370700e-01
2.959466623547342579e+00 -6.337248807023887487e-01 5.221251052267298354e-01
